909.1
918.7
932.0
941.8
941.9
942.9
947.9
954.0
959.0
962.1
963.9
964.3
965.0
966.6
969.8
970.7
974.5
984.5
989.3
992.7
993.0
994.2
994.4
1001.2
1001.3
1004.5
1006.6
1007.7
1007.8
1007.8
1010.3
1014.3
1015.3
1016.6
1018.8
1019.5
1023.0
1023.3
1023.5
1036.2
1037.4
1038.0
1038.4
1039.0
1039.5
1041.6
1046.3
1047.5
1047.5
1047.5
1048.6
1049.0
1049.4
1049.7
1049.8
1050.4
1051.0
1051.5
1051.5
1052.3
1052.3
1056.8
1059.9
1060.5
1061.0
1061.5
1062.0
1066.9
1067.6
1070.8
1072.2
1073.1
1081.5
1081.9
1083.0
1089.2
1091.0
1091.6
1094.2
1096.0
1096.6
1097.0
1097.6
1098.8
1100.3
1101.5
1104.2
1105.0
1106.0
1107.5
1108.0
1108.5
1108.9
1112.5
1115.9
1117.0
1117.4
1124.3
1125.1
1129.7
1134.0
1135.0
1137.9
1138.5
1142.6
1154.0
1165.0
1170.1
1170.5
1183.8
1204.7
1205.3
1219.0
1244.0
1246.6
1251.4
1254.2
1266.6
1268.9
1304.1
1312.0
