978.4
993.3
995.0
999.3
1016.4
1022.0
1026.0
1029.0
1032.0
1034.7
1037.0
1038.4
1046.8
1049.0
1050.0
1056.0
1058.4
1060.4
1061.9
1063.9
1067.8
1070.5
1083.3
1083.6
1087.7
1090.1
1093.1
1093.5
1097.2
1099.0
1099.7
1102.4
1108.4
1110.1
1116.7
1117.7
1120.5
1120.9
1120.9
1123.4
1124.6
1126.6
1128.8
1131.0
1131.0
1137.3
1140.0
1140.6
1142.1
1143.8
1147.3
1147.6
1149.9
1162.4
1162.9
1165.6
1168.0
1170.2
1173.1
1175.9
1176.4
1182.4
1183.1
1183.3
1185.6
1186.0
1191.0
1196.0
1197.7
1197.7
1198.6
1198.7
1199.7
1199.7
1199.9
1200.0
1201.0
1201.4
1201.5
1202.1
1202.6
1204.2
1204.2
1204.7
1206.3
1209.6
1210.7
1210.7
1211.3
1218.0
1220.5
1222.1
1224.3
1226.8
1226.8
1227.4
1228.8
1229.5
1231.7
1234.9
1235.3
1240.8
1243.1
1245.1
1248.7
1252.9
1255.9
1256.8
1256.9
1257.6
1259.5
1262.0
1262.0
1264.9
1272.0
1274.0
1274.0
1274.8
1276.0
1280.0
1281.8
1285.4
1288.6
1289.1
1292.5
1292.8
1296.7
1299.3
1302.6
1312.5
1314.0
1317.7
1318.7
1318.9
1329.6
1345.3
1345.8
1347.0
1363.5
1374.8
1375.4
1388.5
1406.1
1413.3
1413.3
1413.7
1413.7
1414.5
1431.8
1449.0
1457.9
1473.5
1475.6
1479.8
1479.8
1511.3
1576.0
1581.2
1628.8
1633.4
1640.6
1720.8
