909.1
918.7
932.0
938.3
941.8
941.9
942.9
946.5
947.1
947.9
949.1
953.4
954.0
958.5
959.0
961.6
962.1
963.0
963.9
964.3
965.0
965.8
966.0
966.6
966.7
969.8
970.2
970.7
973.0
974.5
974.6
978.4
978.5
979.8
983.0
983.4
984.5
985.0
985.5
987.6
988.0
988.1
989.3
992.7
993.0
993.1
993.3
994.0
994.2
994.4
994.6
995.0
997.0
998.5
998.5
999.2
999.3
1001.0
1001.2
1001.3
1002.5
1002.8
1004.0
1004.5
1005.0
1005.5
1005.6
1006.6
1006.7
1007.7
1007.7
1007.7
1007.8
1007.8
1008.2
1009.0
1009.5
1010.3
1011.4
1012.0
1012.4
1013.3
1014.3
1014.8
1015.3
1015.6
1016.0
1016.4
1016.6
1018.3
1018.8
1019.0
1019.5
1019.6
1019.9
1020.0
1020.2
1022.0
1022.0
1022.8
1023.0
1023.3
1023.3
1023.5
1023.7
1024.0
1024.0
1024.0
1024.6
1025.0
1025.0
1025.9
1026.0
1026.4
1027.5
1028.3
1029.0
1029.9
1032.0
1032.8
1033.8
1034.7
1035.3
1036.0
1036.2
1037.0
1037.2
1037.2
1037.4
1038.0
1038.4
1038.4
1039.0
1039.5
1039.8
1040.0
1041.0
1041.6
1041.7
1042.2
1042.2
1044.5
1045.0
1046.3
1046.8
1047.5
1047.5
1047.5
1048.0
1048.6
1048.7
1049.0
1049.0
1049.4
1049.7
1049.8
1050.0
1050.4
1050.5
1050.8
1051.0
1051.5
1051.5
1052.3
1052.3
1054.7
1055.1
1055.3
1055.5
1056.0
1056.5
1056.8
1058.4
1059.5
1059.9
1060.0
1060.1
1060.2
1060.4
1060.5
1061.0
1061.3
1061.5
1061.9
1062.0
1062.2
1062.3
1063.0
1063.9
1064.1
1066.9
1067.0
1067.3
1067.6
1067.8
1067.9
1068.0
1068.5
1069.6
1069.7
1070.0
1070.0
1070.3
1070.5
1070.8
1071.1
1071.7
1072.2
1073.1
1073.3
1074.0
1074.1
1075.1
1077.0
1078.5
1078.6
1079.3
1079.3
1081.5
1081.9
1083.0
1083.3
1083.6
1083.7
1084.0
1084.1
1084.4
1084.6
1084.6
1085.3
1085.7
1086.0
1087.7
1087.8
1088.0
1088.1
1088.2
1088.4
1088.6
1089.0
1089.2
1090.1
1091.0
1091.6
1091.9
1092.0
1092.4
1092.5
1093.1
1093.5
1093.9
1094.1
1094.2
1095.0
1095.6
1096.0
1096.6
1097.0
1097.2
1097.6
1097.7
1098.8
1099.0
1099.2
1099.4
1099.7
1100.3
1100.4
1101.5
1102.2
1102.4
1102.7
1104.2
1105.0
1105.2
1105.3
1105.3
1106.0
1106.2
1106.8
1107.0
1107.5
1108.0
1108.4
1108.5
1108.5
1108.9
1109.1
1110.1
1110.8
1111.0
1111.6
1112.0
1112.5
1112.5
1114.2
1115.6
1115.6
1115.9
1116.6
1116.6
1116.7
1117.0
1117.4
1117.5
1117.6
1117.6
1117.7
1118.0
1119.1
1120.3
1120.5
1120.9
1120.9
1121.0
1121.0
1121.3
1123.4
1124.0
1124.1
1124.3
1124.6
1125.1
1125.8
1126.2
1126.2
1126.6
1126.8
1127.1
1127.5
1128.0
1128.8
1129.7
1131.0
1131.0
1133.1
1133.6
1134.0
1134.7
1135.0
1137.2
1137.3
1137.9
1138.5
1139.0
1139.6
1140.0
1140.6
1142.1
1142.1
1142.6
1143.0
1143.8
1147.0
1147.3
1147.6
1148.4
1148.9
1149.4
1149.9
1150.3
1151.0
1151.3
1151.7
1152.3
1152.3
1153.8
1154.0
1156.2
1157.4
1158.0
1158.4
1158.9
1159.3
1160.4
1160.4
1161.0
1161.2
1162.0
1162.4
1162.9
1163.8
1165.0
1165.4
1165.6
1165.9
1166.0
1168.0
1168.5
1169.2
1169.2
1170.1
1170.2
1170.5
1170.5
1173.1
1173.3
1175.7
1175.9
1176.4
1177.8
1178.0
1182.4
1183.1
1183.3
1183.5
1183.8
1185.6
1186.0
1191.0
1194.7
1195.4
1195.8
1196.0
1196.0
1197.0
1197.7
1197.7
1198.6
1198.7
1199.3
1199.7
1199.7
1199.9
1200.0
1200.5
1201.0
1201.4
1201.5
1202.1
1202.6
1203.8
1203.9
1204.2
1204.2
1204.7
1204.7
1205.3
1206.3
1206.7
1207.7
1209.6
1210.7
1210.7
1211.3
1211.8
1212.0
1217.4
1218.0
1218.0
1219.0
1219.9
1220.5
1222.1
1224.0
1224.3
1226.8
1226.8
1227.4
1228.8
1229.5
1230.0
1230.8
1231.3
1231.7
1231.8
1234.0
1234.9
1234.9
1235.3
1236.0
1240.8
1243.1
1243.5
1244.0
1244.0
1245.1
1245.6
1245.6
1246.6
1248.7
1251.4
1252.4
1252.9
1254.2
1254.2
1254.5
1255.9
1256.8
1256.9
1257.6
1258.5
1259.5
1262.0
1262.0
1264.9
1266.6
1268.9
1269.5
1270.3
1272.0
1272.3
1274.0
1274.0
1274.7
1274.8
1276.0
1280.0
1281.8
1284.7
1285.4
1285.4
1288.6
1289.1
1292.5
1292.8
1293.0
1294.0
1296.7
1299.3
1302.6
1304.1
1312.0
1312.5
1314.0
1314.7
1317.7
1318.7
1318.9
1322.4
1326.7
1329.6
1331.8
1334.4
1345.3
1345.8
1347.0
1361.5
1363.5
1374.8
1375.4
1388.5
1389.1
1405.5
1405.5
1406.1
1407.6
1413.3
1413.3
1413.7
1413.7
1414.5
1429.0
1430.8
1431.8
1434.9
1440.0
1449.0
1457.9
1459.8
1464.0
1473.5
1475.6
1479.8
1479.8
1501.9
1511.3
1533.0
1570.0
1571.8
1576.0
1581.2
1628.8
1633.4
1640.6
1720.8
