948.1
952.3
962.0
969.0
969.0
972.0
989.2
991.4
991.6
993.4
995.0
998.1
998.5
999.1
999.3
1013.4
1017.0
1018.0
1018.9
1025.5
1025.6
1026.0
1027.9
1037.5
1043.2
1048.6
1049.9
1052.9
1053.0
1053.5
1058.2
1058.5
1063.2
1065.5
1070.2
1071.1
1079.3
1080.8
1082.0
1082.2
1083.0
1085.4
1088.3
1090.8
1091.9
1092.7
1092.7
1094.6
1095.0
1096.9
1097.8
1098.4
1100.1
1101.3
1101.8
1105.6
1109.3
1112.0
1112.3
1114.0
1114.8
1115.7
1116.2
1118.0
1121.3
1121.9
1122.2
1123.1
1123.1
1123.3
1123.6
1123.7
1124.0
1127.0
1129.8
1132.3
1134.9
1138.9
1139.0
1141.6
1143.0
1144.0
1146.7
1146.8
1150.2
1151.1
1152.5
1153.0
1153.6
1154.0
1154.8
1155.2
1155.5
1155.8
1156.5
1156.6
1157.1
1157.3
1157.9
1158.3
1159.6
1161.9
1163.0
1163.8
1165.0
1167.2
1167.7
1169.2
1170.6
1171.4
1172.0
1173.5
1174.0
1174.9
1177.0
1180.3
1182.0
1184.0
1184.0
1184.2
1184.5
1185.3
1185.3
1185.4
1185.8
1186.8
1187.5
1189.3
1190.2
1192.4
1193.2
1193.9
1194.1
1194.5
1195.1
1195.5
1196.4
1196.6
1196.8
1196.9
1197.9
1198.0
1198.6
1198.8
1199.4
1201.8
1202.4
1203.4
1203.9
1204.0
1204.7
1205.0
1207.3
1208.8
1209.3
1210.5
1210.7
1211.3
1211.5
1212.0
1212.3
1212.5
1213.3
1214.0
1214.6
1214.8
1215.3
1216.0
1219.0
1219.5
1220.9
1221.3
1221.8
1222.4
1222.5
1224.7
1226.0
1226.8
1226.9
1226.9
1227.0
1227.9
1228.3
1228.5
1228.7
1229.4
1231.4
1231.6
1232.0
1232.1
1234.5
1236.6
1237.5
1238.3
1238.4
1238.7
1238.8
1240.1
1240.7
1242.6
1243.3
1243.9
1244.0
1244.0
1244.3
1249.3
1250.4
1250.8
1251.0
1252.4
1253.4
1253.7
1254.4
1255.4
1255.7
1255.8
1256.3
1256.6
1258.0
1258.3
1259.0
1259.0
1260.0
1261.6
1261.7
1261.7
1263.0
1263.8
1264.9
1265.2
1265.7
1266.0
1266.6
1267.9
1268.7
1270.0
1274.0
1275.2
1275.2
1276.9
1277.8
1277.9
1278.0
1279.0
1281.0
1281.6
1281.9
1281.9
1282.6
1282.9
1283.2
1283.6
1284.7
1286.8
1287.3
1287.9
1288.2
1289.0
1289.4
1290.1
1290.5
1290.9
1291.4
1291.9
1292.0
1293.0
1293.2
1293.6
1294.0
1294.4
1295.5
1295.5
1296.5
1296.9
1297.6
1297.7
1302.0
1302.2
1302.3
1302.8
1304.0
1304.0
1307.9
1309.0
1309.2
1309.7
1310.7
1311.0
1312.9
1313.0
1313.5
1314.0
1314.2
1314.5
1316.0
1316.2
1316.8
1317.0
1318.4
1319.5
1321.0
1322.2
1323.0
1323.3
1323.5
1324.3
1325.2
1325.5
1327.5
1327.8
1328.2
1328.3
1328.5
1329.0
1329.5
1331.3
1332.0
1334.0
1340.3
1340.7
1341.1
1344.2
1344.9
1346.5
1347.0
1348.9
1349.8
1350.4
1350.9
1352.4
1357.8
1360.2
1360.7
1361.0
1361.4
1361.5
1361.7
1364.0
1365.0
1365.5
1365.7
1369.1
1371.0
1371.1
1371.2
1372.1
1372.1
1373.2
1373.7
1374.6
1375.0
1375.9
1376.0
1376.3
1376.9
1382.0
1388.3
1391.0
1393.0
1394.6
1396.0
1396.4
1398.7
1399.7
1400.1
1402.4
1405.5
1408.5
1410.5
1410.6
1413.0
1413.4
1414.6
1416.3
1416.3
1419.0
1420.0
1422.5
1425.5
1428.5
1428.6
1431.3
1433.9
1434.8
1437.0
1441.5
1448.4
1449.0
1451.2
1452.6
1454.8
1462.0
1474.1
1480.3
1482.2
1484.0
1485.7
1490.4
1492.0
1495.4
1498.0
1508.2
1508.6
1510.7
1512.1
1513.5
1527.0
1530.6
1539.0
1541.0
1553.0
1557.5
1564.0
1569.8
1581.2
1592.5
1621.6
1634.9
1645.7
1796.9
1823.9
2030.4
