905.4
916.6
922.7
925.3
926.4
928.3
934.1
938.2
941.3
942.5
943.0
947.0
947.2
948.4
948.6
950.8
951.1
952.7
953.5
954.8
955.7
956.2
956.3
957.0
957.1
960.1
960.4
960.8
961.5
961.7
964.6
965.0
965.8
966.2
966.3
967.1
968.2
969.0
969.9
970.9
970.9
975.0
975.5
977.5
977.7
980.9
981.0
981.9
983.6
987.3
987.4
988.2
988.2
988.3
989.9
992.0
992.4
993.9
996.6
997.4
998.8
998.8
1000.0
1000.1
1003.6
1005.3
1007.0
1009.0
1010.8
1011.0
1012.0
1013.0
1015.8
1017.5
1018.3
1019.9
1021.0
1021.6
1022.7
1025.8
1035.0
1036.0
1036.4
1037.0
1038.5
1038.6
1039.2
1044.1
1044.3
1044.8
1046.4
1052.9
1057.0
1058.0
1058.4
1064.9
1066.7
1070.0
1075.7
1081.5
1083.1
1087.1
1094.4
1096.6
1111.0
1114.2
1115.1
1117.0
1118.5
1124.2
1126.6
1143.6
1153.6
1170.8
1171.5
1173.6
1175.4
1176.0
1177.5
1178.2
1181.3
1181.4
1185.2
1186.0
1187.8
1194.4
1197.5
1220.1
1237.2
1238.3
1238.6
1246.4
1257.0
1257.9
1263.0
1265.6
1270.2
1272.2
1279.6
1296.4
1307.2
1330.9
1430.5
1548.0
