922.8
928.5
941.0
943.3
945.4
948.4
949.2
949.6
950.5
952.0
952.6
952.8
954.7
958.0
958.3
959.1
962.2
962.9
963.1
963.2
967.1
970.6
971.6
972.4
972.6
974.8
974.9
975.2
977.3
977.7
979.0
980.6
980.9
981.0
982.0
982.9
983.4
983.5
984.6
984.6
984.7
985.0
985.7
985.9
986.0
986.0
990.1
990.7
991.0
992.0
995.0
995.0
999.4
999.9
1000.0
1000.0
1000.8
1002.0
1003.8
1005.4
1006.3
1006.8
1009.0
1010.4
1011.3
1011.7
1012.0
1013.0
1017.2
1017.7
1018.5
1023.1
1024.5
1025.0
1026.3
1026.7
1027.0
1027.7
1029.9
1031.6
1036.3
1036.6
1037.7
1038.6
1038.8
1039.2
1039.5
1040.5
1042.0
1043.1
1043.4
1050.1
1051.0
1052.4
1054.0
1056.1
1057.0
1062.2
1064.9
1070.2
1072.9
1073.0
1075.1
1076.0
1076.4
1078.0
1078.6
1080.8
1081.0
1087.5
1090.5
1092.0
1092.6
1095.0
1099.6
1102.4
1104.5
1105.0
1106.8
1106.9
1110.6
1113.5
1116.1
1116.8
1117.8
1120.0
1120.9
1120.9
1123.2
1124.4
1125.0
1127.0
1127.5
1129.3
1134.8
1136.1
1138.7
1139.1
1146.0
1154.9
1155.7
1155.8
1155.9
1156.9
1158.0
1163.2
1164.0
1164.7
1166.6
1168.0
1168.9
1169.7
1172.4
1175.5
1181.5
1182.1
1188.0
1192.3
1195.1
1197.5
1199.4
1199.6
1201.6
1202.8
1207.0
1210.0
1218.4
1219.4
1219.9
1221.5
1226.4
1230.1
1238.0
1245.0
1246.1
1247.0
1248.0
1248.2
1252.7
1254.2
1255.5
1272.7
1287.4
1295.6
1297.2
1307.0
1317.4
1318.6
1318.6
1343.0
1364.5
1371.7
1383.7
1393.0
1408.5
1436.4
1466.0
1522.0
1563.5
1572.3
