907.3
939.4
943.4
949.1
949.7
952.6
957.8
971.5
972.4
974.0
975.7
977.7
978.4
980.2
980.5
980.9
981.4
981.9
982.0
982.9
985.4
988.0
992.6
994.4
995.3
997.8
998.5
999.5
999.8
1000.4
1001.1
1002.0
1003.1
1003.1
1003.6
1004.0
1004.1
1004.4
1007.0
1007.4
1009.2
1010.0
1010.2
1010.6
1011.2
1013.0
1018.7
1021.3
1021.4
1025.9
1027.0
1028.4
1028.4
1029.9
1030.0
1035.0
1035.0
1035.0
1038.7
1040.4
1044.7
1044.8
1045.7
1048.0
1048.6
1052.6
1052.8
1053.1
1053.3
1054.4
1059.0
1059.0
1064.4
1067.0
1067.1
1068.0
1068.0
1073.0
1073.4
1076.1
1078.5
1079.8
1083.8
1084.7
1086.9
1087.0
1091.3
1092.1
1094.4
1095.2
1095.2
1096.1
1097.6
1101.8
1102.3
1103.3
1104.1
1104.2
1104.6
1104.8
1105.0
1105.8
1106.3
1107.5
1108.0
1110.3
1112.9
1113.3
1115.1
1115.5
1117.0
1117.0
1117.8
1120.1
1121.2
1124.0
1124.2
1125.0
1126.7
1127.6
1128.2
1130.1
1133.0
1136.4
1137.0
1140.2
1142.0
1142.1
1142.2
1146.5
1148.1
1150.8
1151.1
1151.3
1151.4
1153.8
1153.9
1154.6
1154.8
1154.9
1156.8
1163.9
1167.4
1168.5
1169.9
1169.9
1172.9
1173.8
1180.0
1180.2
1184.4
1184.4
1187.5
1189.6
1189.7
1191.0
1191.0
1191.7
1193.3
1193.7
1194.8
1198.6
1199.9
1201.0
1201.5
1202.2
1203.0
1204.0
1206.6
1206.7
1207.1
1207.3
1208.5
1209.0
1210.9
1212.1
1212.8
1213.6
1214.0
1214.4
1215.7
1216.3
1216.7
1216.8
1217.6
1218.0
1218.7
1219.0
1219.0
1219.3
1220.8
1222.8
1224.7
1225.5
1225.7
1227.9
1229.6
1230.8
1231.0
1232.6
1233.3
1233.5
1234.1
1235.6
1236.5
1236.6
1239.2
1240.2
1241.2
1244.6
1247.6
1250.0
1250.3
1251.5
1251.7
1254.3
1255.7
1259.4
1259.4
1261.5
1262.2
1264.0
1264.8
1266.0
1266.8
1267.1
1269.3
1270.1
1271.4
1273.3
1275.0
1279.0
1283.4
1284.9
1286.7
1288.0
1291.9
1295.2
1296.9
1298.0
1298.4
1305.0
1305.0
1310.0
1310.5
1310.8
1312.0
1314.2
1318.7
1320.0
1322.0
1325.0
1327.6
1331.9
1334.5
1336.3
1337.0
1340.0
1340.7
1341.6
1347.1
1355.9
1366.2
1368.2
1383.4
1384.1
1392.9
1395.0
1398.3
1400.2
1405.8
1409.6
1411.7
1420.7
1420.8
1421.8
1422.0
1422.0
1424.8
1427.3
1433.8
1436.0
1437.2
1445.8
1450.7
1454.0
1459.4
1477.3
1486.3
1486.5
1488.0
1488.1
1514.7
1572.9
1579.9
1618.0
1633.0
1647.1
