953.4
965.8
966.0
966.7
979.8
983.4
985.0
987.6
988.0
988.1
993.1
998.5
1004.0
1005.5
1005.6
1006.7
1009.0
1011.4
1012.4
1018.3
1019.0
1019.9
1020.0
1020.2
1022.8
1023.7
1024.0
1024.6
1026.4
1036.0
1037.2
1039.8
1041.7
1044.5
1048.7
1050.5
1050.8
1055.3
1055.5
1056.5
1060.1
1061.3
1062.3
1063.0
1064.1
1067.9
1068.0
1068.5
1069.6
1069.7
1070.0
1070.0
1070.3
1071.1
1073.3
1074.1
1078.6
1083.7
1084.6
1084.6
1086.0
1088.0
1088.1
1088.2
1088.4
1088.6
1092.0
1095.6
1097.7
1100.4
1105.3
1106.2
1106.8
1109.1
1111.0
1112.5
1114.2
1117.5
1119.1
1121.3
1124.0
1125.8
1126.2
1127.1
1127.5
1128.0
1133.1
1139.0
1142.1
1143.0
1150.3
1151.3
1151.7
1153.8
1156.2
1157.4
1158.0
1158.4
1158.9
1159.3
1165.4
1165.9
1168.5
1169.2
1169.2
1170.5
1173.3
1178.0
1183.5
1194.7
1195.4
1196.0
1197.0
1200.5
1203.8
1203.9
1206.7
1217.4
1218.0
1219.9
1230.0
1231.3
1234.9
1236.0
1243.5
1252.4
1254.2
1254.5
1269.5
1270.3
1274.7
1285.4
1293.0
1294.0
1314.7
1322.4
1331.8
1361.5
1389.1
1405.5
1405.5
1407.6
1429.0
1430.8
1440.0
1464.0
1501.9
1533.0
1571.8
