938.3
946.5
947.1
949.1
958.5
961.6
963.0
970.2
973.0
974.6
978.5
983.0
985.5
994.0
994.6
997.0
998.5
999.2
1001.0
1002.5
1002.8
1005.0
1007.7
1007.7
1008.2
1009.5
1012.0
1013.3
1014.8
1015.6
1016.0
1019.6
1022.0
1023.3
1024.0
1024.0
1025.0
1025.9
1027.5
1028.3
1029.9
1032.8
1033.8
1035.3
1037.2
1040.0
1041.0
1042.2
1042.2
1045.0
1048.0
1054.7
1055.1
1059.5
1060.0
1060.2
1062.2
1067.0
1067.3
1071.7
1075.1
1078.5
1079.3
1079.3
1084.0
1084.1
1084.4
1085.3
1085.7
1087.8
1089.0
1091.9
1092.4
1092.5
1093.9
1094.1
1099.2
1099.4
1102.2
1102.7
1105.2
1105.3
1108.5
1110.8
1111.6
1112.0
1115.6
1115.6
1116.6
1116.6
1117.6
1117.6
1118.0
1120.3
1124.1
1126.2
1126.8
1133.6
1134.7
1137.2
1139.6
1147.0
1148.4
1148.9
1149.4
1151.0
1152.3
1152.3
1160.4
1160.4
1161.0
1161.2
1162.0
1163.8
1166.0
1175.7
1177.8
1195.8
1199.3
1207.7
1211.8
1212.0
1224.0
1230.8
1231.8
1234.0
1244.0
1245.6
1245.6
1258.5
1272.3
1284.7
1326.7
1334.4
1434.9
1459.8
1570.0
