1038.5
1238.3
1010.4
1317.4
1036.6
1032.0
1244.0
1270.2
1038.6
1310.7
1043.4
1289.0
1336.3
948.6
1102.4
1116.1
1361.5
1313.5
1000.1
982.0
1369.1
1250.0
1134.9
1036.4
1099.6
1098.4
1510.7
997.4
1125.0
1120.9
1095.2
1203.0
1205.0
1268.7
1208.7
1059.0
1172.4
991.6
1329.0
1142.1
1052.4
1120.9
1328.3
1317.0
1311.0
1232.0
949.7
1094.4
1224.7
961.5
1373.7
1290.5
1296.4
963.1
1048.6
1296.5
1350.4
1219.0
1092.0
1029.9
1340.3
981.9
1175.4
1508.6
987.4
1315.5
1115.5
1073.0
1124.2
1104.8
1144.0
1279.0
951.1
1541.0
1581.2
1042.0
1190.2
1071.1
1796.9
1177.5
1187.8
1245.0
1045.7
966.2
1222.4
991.0
1080.8
1371.7
986.0
1191.0
1104.5
1123.2
952.6
1219.4
1044.8
1044.1
1327.6
916.6
1202.4
1173.6
1140.2
1123.3
1121.2
979.0
1005.3
952.8
1170.6
1383.4
1048.0
1153.6
