905.4
907.3
916.6
922.7
922.8
925.3
926.4
928.3
928.5
934.1
938.2
939.4
941.0
941.3
942.5
943.0
943.3
943.4
945.4
947.0
947.2
948.1
948.4
948.4
948.6
949.1
949.2
949.6
949.7
950.5
950.8
951.1
952.0
952.3
952.6
952.6
952.7
952.8
953.5
954.7
954.8
955.7
956.2
956.3
957.0
957.1
957.8
958.0
958.1
958.3
959.1
959.6
960.0
960.0
960.1
960.4
960.8
961.5
961.7
962.0
962.2
962.9
963.1
963.2
964.6
965.0
965.8
966.2
966.3
967.1
967.1
968.2
969.0
969.0
969.0
969.0
969.9
970.6
970.7
970.9
970.9
971.5
971.6
972.0
972.4
972.4
972.6
974.0
974.8
974.9
975.0
975.2
975.5
975.7
977.3
977.5
977.7
977.7
977.7
978.4
979.0
980.0
980.2
980.5
980.6
980.9
980.9
980.9
981.0
981.0
981.4
981.9
981.9
982.0
982.0
982.9
982.9
983.4
983.5
983.6
984.6
984.6
984.7
985.0
985.4
985.7
985.9
986.0
986.0
987.3
987.4
988.0
988.2
988.2
988.3
989.2
989.9
990.1
990.7
991.0
991.4
991.6
992.0
992.0
992.0
992.4
992.6
993.0
993.4
993.9
994.4
995.0
995.0
995.0
995.3
996.6
997.4
997.8
998.1
998.5
998.5
998.8
998.8
999.1
999.3
999.4
999.5
999.8
999.9
1000.0
1000.0
1000.0
1000.0
1000.1
1000.4
1000.8
1001.1
1002.0
1002.0
1002.0
1002.0
1003.1
1003.1
1003.6
1003.6
1003.8
1004.0
1004.1
1004.4
1005.3
1005.4
1006.3
1006.8
1007.0
1007.0
1007.4
1008.9
1009.0
1009.0
1009.2
1010.0
1010.2
1010.4
1010.6
1010.8
1011.0
1011.2
1011.3
1011.7
1012.0
1012.0
1013.0
1013.0
1013.0
1013.4
1015.8
1017.0
1017.2
1017.5
1017.7
1018.0
1018.3
1018.5
1018.7
1018.9
1019.9
1020.0
1021.0
1021.3
1021.4
1021.6
1022.7
1023.1
1024.5
1025.0
1025.2
1025.5
1025.6
1025.8
1025.9
1026.0
1026.0
1026.0
1026.3
1026.7
1027.0
1027.0
1027.7
1027.9
1028.4
1028.4
1029.9
1029.9
1030.0
1031.6
1032.0
1035.0
1035.0
1035.0
1035.0
1036.0
1036.3
1036.4
1036.6
1037.0
1037.5
1037.7
1038.5
1038.6
1038.6
1038.7
1038.8
1039.2
1039.2
1039.5
1040.3
1040.4
1040.5
1042.0
1043.1
1043.2
1043.4
1044.1
1044.3
1044.4
1044.7
1044.8
1044.8
1044.8
1045.7
1046.4
1048.0
1048.6
1048.6
1049.4
1049.9
1050.1
1051.0
1052.4
1052.6
1052.8
1052.9
1052.9
1053.0
1053.1
1053.3
1053.5
1054.0
1054.4
1056.1
1056.8
1057.0
1057.0
1058.0
1058.2
1058.4
1058.4
1058.5
1059.0
1059.0
1062.2
1063.2
1064.4
1064.9
1064.9
1065.5
1066.7
1067.0
1067.1
1068.0
1068.0
1069.4
1070.0
1070.2
1070.2
1071.1
1072.9
1073.0
1073.0
1073.4
1075.1
1075.7
1075.7
1076.0
1076.1
1076.4
1078.0
1078.5
1078.6
1079.3
1079.8
1080.8
1080.8
1081.0
1081.5
1082.0
1082.2
1083.0
1083.1
1083.8
1084.7
1085.4
1086.9
1087.0
1087.1
1087.5
1088.3
1090.5
1090.8
1091.0
1091.3
1091.9
1091.9
1092.0
1092.1
1092.6
1092.7
1092.7
1094.4
1094.4
1094.4
1094.6
1095.0
1095.0
1095.2
1095.2
1096.1
1096.6
1096.9
1097.6
1097.8
1098.4
1098.5
1099.6
1100.1
1101.3
1101.8
1101.8
1102.3
1102.4
1103.3
1104.1
1104.2
1104.5
1104.6
1104.8
1105.0
1105.0
1105.3
1105.6
1105.8
1106.3
1106.8
1106.8
1106.9
1107.5
1108.0
1109.3
1110.3
1110.6
1111.0
1112.0
1112.3
1112.9
1113.3
1113.5
1114.0
1114.2
1114.8
1115.1
1115.1
1115.5
1115.7
1116.1
1116.2
1116.8
1117.0
1117.0
1117.0
1117.8
1117.8
1118.0
1118.5
1120.0
1120.1
1120.9
1120.9
1121.2
1121.3
1121.9
1122.2
1122.9
1123.1
1123.1
1123.1
1123.2
1123.3
1123.6
1123.7
1124.0
1124.0
1124.2
1124.2
1124.4
1125.0
1125.0
1126.6
1126.7
1127.0
1127.0
1127.5
1127.6
1128.2
1129.3
1129.8
1130.1
1132.3
1133.0
1133.5
1134.8
1134.9
1136.1
1136.4
1137.0
1138.0
1138.7
1138.9
1139.0
1139.1
1140.2
1141.6
1142.0
1142.1
1142.2
1143.0
1143.6
1144.0
1146.0
1146.5
1146.7
1146.8
1148.1
1150.2
1150.8
1151.1
1151.1
1151.3
1151.4
1152.5
1153.0
1153.6
1153.6
1153.8
1153.9
1154.0
1154.6
1154.8
1154.8
1154.9
1154.9
1155.2
1155.5
1155.7
1155.8
1155.8
1155.9
1156.5
1156.6
1156.8
1156.9
1157.1
1157.3
1157.9
1158.0
1158.3
1158.9
1159.6
1161.9
1162.4
1163.0
1163.2
1163.8
1163.9
1164.0
1164.7
1165.0
1166.6
1167.2
1167.4
1167.7
1168.0
1168.5
1168.9
1169.2
1169.7
1169.9
1169.9
1170.6
1170.8
1171.4
1171.5
1172.0
1172.4
1172.9
1173.5
1173.6
1173.8
1174.0
1174.9
1175.4
1175.5
1176.0
1177.0
1177.5
1178.2
1180.0
1180.2
1180.3
1181.3
1181.4
1181.5
1182.0
1182.1
1184.0
1184.0
1184.2
1184.4
1184.4
1184.5
1185.2
1185.3
1185.3
1185.4
1185.8
1186.0
1186.8
1187.5
1187.5
1187.8
1188.0
1188.8
1189.1
1189.3
1189.6
1189.7
1190.2
1190.4
1191.0
1191.0
1191.7
1192.3
1192.4
1193.2
1193.3
1193.7
1193.9
1194.1
1194.4
1194.5
1194.8
1195.1
1195.1
1195.5
1196.4
1196.6
1196.8
1196.9
1197.5
1197.5
1197.9
1198.0
1198.6
1198.6
1198.8
1199.4
1199.4
1199.6
1199.9
1201.0
1201.5
1201.6
1201.8
1202.2
1202.4
1202.8
1203.0
1203.4
1203.9
1204.0
1204.0
1204.7
1205.0
1206.6
1206.7
1207.0
1207.1
1207.3
1207.3
1208.5
1208.7
1208.8
1209.0
1209.3
1210.0
1210.5
1210.7
1210.9
1211.3
1211.5
1212.0
1212.1
1212.3
1212.5
1212.8
1213.3
1213.6
1214.0
1214.0
1214.4
1214.6
1214.8
1215.3
1215.7
1216.0
1216.3
1216.7
1216.8
1217.6
1218.0
1218.4
1218.7
1219.0
1219.0
1219.0
1219.3
1219.4
1219.5
1219.9
1220.1
1220.8
1220.9
1221.3
1221.5
1221.8
1222.4
1222.5
1222.8
1223.4
1224.7
1224.7
1225.5
1225.7
1226.0
1226.4
1226.8
1226.9
1226.9
1227.0
1227.9
1227.9
1228.3
1228.5
1228.7
1229.4
1229.6
1230.1
1230.8
1231.0
1231.4
1231.6
1232.0
1232.1
1232.6
1233.3
1233.5
1234.1
1234.5
1235.6
1236.2
1236.5
1236.5
1236.6
1236.6
1237.2
1237.5
1238.0
1238.3
1238.3
1238.4
1238.6
1238.7
1238.8
1239.2
1240.1
1240.2
1240.3
1240.3
1240.7
1241.2
1242.6
1243.3
1243.9
1244.0
1244.0
1244.3
1244.6
1245.0
1246.1
1246.4
1247.0
1247.6
1248.0
1248.2
1249.3
1250.0
1250.3
1250.4
1250.8
1251.0
1251.5
1251.7
1252.4
1252.7
1253.4
1253.7
1254.2
1254.3
1254.4
1255.4
1255.5
1255.7
1255.7
1255.8
1256.3
1256.6
1257.0
1257.9
1258.0
1258.3
1259.0
1259.0
1259.4
1259.4
1260.0
1261.5
1261.6
1261.7
1261.7
1262.2
1263.0
1263.0
1263.8
1264.0
1264.8
1264.9
1265.2
1265.6
1265.7
1266.0
1266.0
1266.6
1266.8
1267.1
1267.9
1268.7
1269.3
1270.0
1270.1
1270.2
1271.4
1272.2
1272.7
1273.3
1274.0
1275.0
1275.2
1275.2
1275.9
1276.9
1277.8
1277.9
1278.0
1279.0
1279.0
1279.6
1281.0
1281.6
1281.9
1281.9
1282.6
1282.9
1283.2
1283.4
1283.6
1284.7
1284.9
1286.7
1286.8
1287.3
1287.4
1287.9
1288.0
1288.2
1289.0
1289.4
1290.1
1290.2
1290.5
1290.9
1291.4
1291.9
1291.9
1292.0
1293.0
1293.2
1293.6
1294.0
1294.4
1295.2
1295.5
1295.5
1295.6
1296.0
1296.4
1296.5
1296.5
1296.9
1296.9
1297.2
1297.6
1297.7
1298.0
1298.4
1302.0
1302.2
1302.3
1302.8
1304.0
1304.0
1305.0
1305.0
1307.0
1307.2
1307.8
1307.9
1309.0
1309.2
1309.7
1310.0
1310.5
1310.7
1310.8
1311.0
1312.0
1312.9
1313.0
1313.1
1313.5
1314.0
1314.2
1314.2
1314.5
1315.5
1316.0
1316.2
1316.8
1317.0
1317.4
1318.4
1318.6
1318.6
1318.7
1319.5
1320.0
1321.0
1322.0
1322.2
1323.0
1323.3
1323.5
1324.3
1325.0
1325.2
1325.5
1327.5
1327.6
1327.8
1328.2
1328.3
1328.5
1329.0
1329.5
1330.9
1331.3
1331.9
1332.0
1334.0
1334.5
1336.3
1337.0
1340.0
1340.3
1340.7
1340.7
1341.1
1341.6
1343.0
1344.2
1344.9
1346.5
1347.0
1347.1
1348.9
1349.8
1350.4
1350.9
1352.4
1355.9
1357.8
1360.2
1360.7
1361.0
1361.4
1361.5
1361.7
1364.0
1364.5
1365.0
1365.5
1365.7
1366.2
1368.2
1369.1
1371.0
1371.1
1371.2
1371.7
1372.1
1372.1
1373.2
1373.7
1374.6
1375.0
1375.9
1376.0
1376.3
1376.9
1382.0
1383.4
1383.7
1384.1
1388.3
1391.0
1392.9
1393.0
1393.0
1394.6
1395.0
1396.0
1396.4
1396.7
1398.3
1398.7
1399.7
1400.1
1400.2
1402.4
1405.5
1405.8
1406.6
1408.5
1408.5
1409.6
1410.5
1410.6
1411.7
1413.0
1413.4
1414.6
1416.3
1416.3
1419.0
1420.0
1420.7
1420.8
1421.8
1422.0
1422.0
1422.5
1424.8
1425.5
1427.3
1428.5
1428.6
1430.5
1431.3
1433.8
1433.9
1434.8
1436.0
1436.4
1437.0
1437.2
1441.5
1445.8
1448.4
1449.0
1450.7
1451.2
1452.6
1454.0
1454.8
1459.4
1462.0
1466.0
1474.1
1477.3
1480.3
1482.2
1484.0
1485.7
1486.3
1486.5
1488.0
1488.1
1490.4
1492.0
1495.4
1498.0
1508.2
1508.6
1510.7
1512.1
1513.5
1514.7
1521.6
1522.0
1527.0
1530.6
1539.0
1541.0
1548.0
1553.0
1557.5
1563.5
1564.0
1565.6
1569.8
1572.3
1572.9
1579.9
1581.2
1592.5
1618.0
1621.6
1633.0
1634.9
1645.7
1647.1
1796.9
1823.9
2030.4
